Reacoes de apoio [n]
[[3900.001187322904]
[2899.998580743278]
[1599.998422456687]]

Deslocamentos [m]
[[0.0]
[0.0]
[0.001004736286192616]
[-0.004311729337554498]
[0.00035976787333088877]
[-0.004663124714774925]
[0.0002597415612481686]
[-0.004439273469205579]
[0.0005585868527652838]
[-0.004637584127691974]
[-0.00032427324358018985]
[-0.004247781242498136]
[0.001164512378511096]
[0.0]]


Deformacoes []
[[-0.006395157681025738]
[-0.004493148837611045]
[-0.0037764495454559992]
[-0.003528361106432125]
[-0.0007556111989172193]
[0.0007556107572798051]
[0.0019112541001497056]
[-0.0019112549266327925]
[0.0018737910069317122]
[0.0010355155178874737]
[0.00315586211325944]]


Forcas internas [N]
[[-6484.593961194882]
[-4555.985524105035]
[-3829.2631923492013]
[-3577.705236505578]
[-766.1784215340765]
[766.1779737203632]
[1937.9829887402993]
[-1937.9838267817518]
[1899.9959741636521]
[1049.9972024051299]
[3199.9968449133735]]


Tensoes internas [Pa]
[[-1235160754.513311]
[-867806766.4961973]
[-729383465.2093717]
[-681467664.0963006]
[-145938746.95887172]
[145938661.66102156]
[369139616.90291417]
[-369139776.5298575]
[361903995.0787909]
[199999467.12478667]
[609523208.5549283]]
