Reacoes de apoio [n]
[[3900.0000000000027]
[2900.0000000000073]
[1600.000000000009]]

Deslocamentos [m]
[[0.0]
[0.0]
[0.001004737738519399]
[-0.004311733368930479]
[0.00035976863563070687]
[-0.004663129080577074]
[0.00025974255860852064]
[-0.004439277648670551]
[0.000558588144795046]
[-0.004637588279291957]
[-0.00032427259006656447]
[-0.004247784966757095]
[0.001164514267962552]
[0.0]]


Deformacoes []
[[-0.006395160810810225]
[-0.004493151776560634]
[-0.003776452720176739]
[-0.003528364585274617]
[-0.0007556124065307701]
[0.0007556124065307632]
[0.0019112549106366575]
[-0.0019112549106366367]
[0.0018737949772432648]
[0.0010355182768975995]
[0.0031558652248307615]]


Forcas internas [N]
[[-6484.597134749405]
[-4555.988504155835]
[-3829.2664114684108]
[-3577.7087639996826]
[-766.1796460361029]
[766.1796460360958]
[1937.983810561911]
[-1937.9838105618899]
[1900.0000000000118]
[1050.0000000000123]
[3200.0000000000196]]


Tensoes internas [Pa]
[[-1235161358.9998868]
[-867807334.124921]
[-729384078.3749354]
[-681468335.9999396]
[-145938980.19735295]
[145938980.1973516]
[369139773.440364]
[-369139773.44036]
[361904761.9047642]
[200000000.00000235]
[609523809.5238132]]
